﻿TotalTime;Phase;PhaseTime;Vel;Acc
0;Phase 1;0;0;0
1;Phase 1;1;0;0
2;Phase 1;2;0;0
3;Phase 1;3;0;0
4;Phase 1;4;0;0
5;Phase 1;5;0;0
6;Phase 1;6;0;0
7;Phase 1;7;0;0
8;Phase 1;8;0;0
9;Phase 1;9;0;0
10;Phase 1;10;0;0
11;Phase 1;11;0;0
12;Phase 1;12;0;0
13;Phase 1;13;0;0
14;Phase 1;14;0;0
15;Phase 1;15;0;0
16;Phase 1;16;0;0
17;Phase 1;17;0;0
18;Phase 1;18;0;0
19;Phase 1;19;0;0
20;Phase 1;20;0;0
21;Phase 1;21;0;0
22;Phase 1;22;0;0
23;Phase 1;23;0;0
24;Phase 1;24;0;0
25;Phase 1;25;0;0
26;Phase 1;26;0;0
27;Phase 1;27;0;0
28;Phase 1;28;0;0
29;Phase 1;29;0;0
30;Phase 1;30;0;0
31;Phase 1;31;0;0
32;Phase 1;32;0;0
33;Phase 1;33;0;0
34;Phase 1;34;0;0
35;Phase 1;35;0;0
36;Phase 1;36;0;0
37;Phase 1;37;0;0
38;Phase 1;38;0;0
39;Phase 1;39;0;0
40;Phase 1;40;0;0
41;Phase 1;41;0;0
42;Phase 1;42;0;0
43;Phase 1;43;0;0
44;Phase 1;44;0;0
45;Phase 1;45;0;0
46;Phase 1;46;0;0.178816
47;Phase 1;47;0.178816;1.072896
48;Phase 1;48;1.251712;1.251712
49;Phase 1;49;2.503424;0.625856
50;Phase 1;50;3.12928;0.268224
51;Phase 1;51;3.397504;0
52;Phase 1;52;3.397504;-0.625856
53;Phase 1;53;2.771648;0.089408
54;Phase 1;54;2.861056;0.536448
55;Phase 1;55;3.397504;0.849376
56;Phase 1;56;4.24688;-0.268224
57;Phase 1;57;3.978656;-0.134112
58;Phase 1;58;3.844544;0.44704
59;Phase 1;59;4.291584;1.251712
60;Phase 1;60;5.543296;1.162304
61;Phase 1;61;6.7056;1.251712
62;Phase 1;62;7.957312;1.430528
63;Phase 1;63;9.38784;0.849376
64;Phase 1;64;10.237216;-0.536448
65;Phase 1;65;9.700768;-1.56464
66;Phase 1;66;8.136128;-1.654048
67;Phase 1;67;6.48208;-1.922272
68;Phase 1;68;4.559808;-2.056384
69;Phase 1;69;2.503424;-1.385824
70;Phase 1;70;1.1176;-0.178816
71;Phase 1;71;0.938784;0.44704
72;Phase 1;72;1.385824;1.162304
73;Phase 1;73;2.548128;1.475232
74;Phase 1;74;4.02336;0.804672
75;Phase 1;75;4.828032;0
76;Phase 1;76;4.828032;-0.581152
77;Phase 1;77;4.24688;-1.34112
78;Phase 1;78;2.90576;-1.162304
79;Phase 1;79;1.743456;-0.581152
80;Phase 1;80;1.162304;-0.715264
81;Phase 1;81;0.44704;-0.089408
82;Phase 1;82;0.357632;-0.312928
83;Phase 1;83;0.044704;-0.044704
84;Phase 1;84;0;0
85;Phase 1;85;0;0
86;Phase 1;86;0;0
87;Phase 1;87;0;0
88;Phase 1;88;0;0
89;Phase 1;89;0;0
90;Phase 1;90;0;0
91;Phase 1;91;0;0
92;Phase 1;92;0;0
93;Phase 1;93;0;0
94;Phase 1;94;0;0
95;Phase 1;95;0;1.207008
96;Phase 1;96;1.207008;2.503424
97;Phase 1;97;3.710432;1.832864
98;Phase 1;98;5.543296;1.475232
99;Phase 1;99;7.018528;0.759968
100;Phase 1;100;7.778496;-0.044704
101;Phase 1;101;7.733792;-0.044704
102;Phase 1;102;7.689088;-0.938784
103;Phase 1;103;6.750304;-1.743456
104;Phase 1;104;5.006848;-1.162304
105;Phase 1;105;3.844544;-1.207008
106;Phase 1;106;2.637536;-0.22352
107;Phase 1;107;2.414016;0.625856
108;Phase 1;108;3.039872;0.044704
109;Phase 1;109;3.084576;-0.938784
110;Phase 1;110;2.145792;0.402336
111;Phase 1;111;2.548128;0.625856
112;Phase 1;112;3.173984;-0.134112
113;Phase 1;113;3.039872;-0.402336
114;Phase 1;114;2.637536;0.044704
115;Phase 1;115;2.68224;0
116;Phase 1;116;2.68224;-0.044704
117;Phase 1;117;2.637536;-0.134112
118;Phase 1;118;2.503424;-0.044704
119;Phase 1;119;2.45872;0.759968
120;Phase 1;120;3.218688;1.207008
121;Phase 1;121;4.425696;0.402336
122;Phase 1;122;4.828032;0.268224
123;Phase 1;123;5.096256;0.22352
124;Phase 1;124;5.319776;0.089408
125;Phase 1;125;5.409184;0.22352
126;Phase 1;126;5.632704;-0.134112
127;Phase 1;127;5.498592;-0.759968
128;Phase 1;128;4.738624;-0.312928
129;Phase 1;129;4.425696;-0.22352
130;Phase 1;130;4.202176;-0.22352
131;Phase 1;131;3.978656;-0.581152
132;Phase 1;132;3.397504;-0.67056
133;Phase 1;133;2.726944;-0.491744
134;Phase 1;134;2.2352;-0.581152
135;Phase 1;135;1.654048;-0.491744
136;Phase 1;136;1.162304;-0.715264
137;Phase 1;137;0.44704;-0.089408
138;Phase 1;138;0.357632;-0.312928
139;Phase 1;139;0.044704;0.134112
140;Phase 1;140;0.178816;-0.089408
141;Phase 1;141;0.089408;-0.089408
142;Phase 1;142;0;0
143;Phase 1;143;0;0
144;Phase 1;144;0;0.581152
145;Phase 1;145;0.581152;2.101088
146;Phase 1;146;2.68224;1.877568
147;Phase 1;147;4.559808;0.849376
148;Phase 1;148;5.409184;0.759968
149;Phase 1;149;6.169152;0.581152
150;Phase 1;150;6.750304;0.491744
151;Phase 1;151;7.242048;-0.134112
152;Phase 1;152;7.107936;0.044704
153;Phase 1;153;7.15264;0.357632
154;Phase 1;154;7.510272;0.312928
155;Phase 1;155;7.8232;0.22352
156;Phase 1;156;8.04672;0.715264
157;Phase 1;157;8.761984;0.938784
158;Phase 1;158;9.700768;0.625856
159;Phase 1;159;10.326624;0.268224
160;Phase 1;160;10.594848;0.178816
161;Phase 1;161;10.773664;0.178816
162;Phase 1;162;10.95248;0.22352
163;Phase 1;163;11.176;0.089408
164;Phase 1;164;11.265408;-0.268224
165;Phase 1;165;10.997184;-0.134112
166;Phase 1;166;10.863072;-0.44704
167;Phase 1;167;10.416032;-0.268224
168;Phase 1;168;10.147808;-0.268224
169;Phase 1;169;9.879584;-0.22352
170;Phase 1;170;9.656064;-0.22352
171;Phase 1;171;9.432544;-0.357632
172;Phase 1;172;9.074912;-0.491744
173;Phase 1;173;8.583168;-0.983488
174;Phase 1;174;7.59968;-1.385824
175;Phase 1;175;6.213856;0.089408
176;Phase 1;176;6.303264;0.22352
177;Phase 1;177;6.526784;0
178;Phase 1;178;6.526784;-0.044704
179;Phase 1;179;6.48208;-0.044704
180;Phase 1;180;6.437376;-0.089408
181;Phase 1;181;6.347968;0
182;Phase 1;182;6.347968;-0.44704
183;Phase 1;183;5.900928;-0.759968
184;Phase 1;184;5.14096;-1.385824
185;Phase 1;185;3.755136;-1.296416
186;Phase 1;186;2.45872;-0.804672
187;Phase 1;187;1.654048;-0.357632
188;Phase 1;188;1.296416;-0.715264
189;Phase 1;189;0.581152;-0.22352
190;Phase 1;190;0.357632;-0.22352
191;Phase 1;191;0.134112;-0.089408
192;Phase 1;192;0.044704;0
193;Phase 1;193;0.044704;-0.044704
194;Phase 1;194;0;0.581152
195;Phase 1;195;0.581152;1.162304
196;Phase 1;196;1.743456;2.68224
197;Phase 1;197;4.425696;2.68224
198;Phase 1;198;7.107936;1.519936
199;Phase 1;199;8.627872;0.625856
200;Phase 1;200;9.253728;0.312928
201;Phase 1;201;9.566656;0
202;Phase 1;202;9.566656;-0.402336
203;Phase 1;203;9.16432;-0.67056
204;Phase 1;204;8.49376;-1.028192
205;Phase 1;205;7.465568;-1.609344
206;Phase 1;206;5.856224;-0.849376
207;Phase 1;207;5.006848;1.654048
208;Phase 1;208;6.660896;2.190496
209;Phase 1;209;8.851392;1.78816
210;Phase 1;210;10.639552;0.849376
211;Phase 1;211;11.488928;0.22352
212;Phase 1;212;11.712448;0.089408
213;Phase 1;213;11.801856;-1.385824
214;Phase 1;214;10.416032;-1.654048
215;Phase 1;215;8.761984;-0.312928
216;Phase 1;216;8.449056;0.178816
217;Phase 1;217;8.627872;0.044704
218;Phase 1;218;8.672576;-0.402336
219;Phase 1;219;8.27024;-0.44704
220;Phase 1;220;7.8232;-0.491744
221;Phase 1;221;7.331456;-0.357632
222;Phase 1;222;6.973824;0
223;Phase 1;223;6.973824;0.178816
224;Phase 1;224;7.15264;0.357632
225;Phase 1;225;7.510272;0.312928
226;Phase 1;226;7.8232;0.22352
227;Phase 1;227;8.04672;0.715264
228;Phase 1;228;8.761984;0.938784
229;Phase 1;229;9.700768;0.804672
230;Phase 1;230;10.50544;0.491744
231;Phase 1;231;10.997184;0.178816
232;Phase 1;232;11.176;-0.312928
233;Phase 1;233;10.863072;-0.536448
234;Phase 1;234;10.326624;-1.072896
235;Phase 1;235;9.253728;-1.56464
236;Phase 1;236;7.689088;-1.654048
237;Phase 1;237;6.03504;-1.922272
238;Phase 1;238;4.112768;-2.637536
239;Phase 1;239;1.475232;-1.475232
240;Phase 1;240;0;0
241;Phase 1;241;0;0
242;Phase 1;242;0;0
243;Phase 1;243;0;0
244;Phase 1;244;0;0
245;Phase 1;245;0;0
246;Phase 1;246;0;0
247;Phase 1;247;0;0
248;Phase 1;248;0;0
249;Phase 1;249;0;0
250;Phase 1;250;0;0
251;Phase 1;251;0;0
252;Phase 1;252;0;0
253;Phase 1;253;0;0.089408
254;Phase 1;254;0.089408;0.804672
255;Phase 1;255;0.89408;1.1176
256;Phase 1;256;2.01168;0.849376
257;Phase 1;257;2.861056;0.357632
258;Phase 1;258;3.218688;0.178816
259;Phase 1;259;3.397504;-0.178816
260;Phase 1;260;3.218688;-0.268224
261;Phase 1;261;2.950464;-0.044704
262;Phase 1;262;2.90576;-0.625856
263;Phase 1;263;2.279904;-0.312928
264;Phase 1;264;1.966976;0.491744
265;Phase 1;265;2.45872;-1.1176
266;Phase 1;266;1.34112;0.178816
267;Phase 1;267;1.519936;-0.178816
268;Phase 1;268;1.34112;-0.044704
269;Phase 1;269;1.296416;-0.715264
270;Phase 1;270;0.581152;-0.22352
271;Phase 1;271;0.357632;-0.22352
272;Phase 1;272;0.134112;-0.134112
273;Phase 1;273;0;0
274;Phase 1;274;0;0.134112
275;Phase 1;275;0.134112;1.966976
276;Phase 1;276;2.101088;2.2352
277;Phase 1;277;4.336288;1.877568
278;Phase 1;278;6.213856;1.251712
279;Phase 1;279;7.465568;1.072896
280;Phase 1;280;8.538464;0.625856
281;Phase 1;281;9.16432;0
282;Phase 1;282;9.16432;-0.357632
283;Phase 1;283;8.806688;0.089408
284;Phase 1;284;8.896096;0.22352
285;Phase 1;285;9.119616;0.22352
286;Phase 1;286;9.343136;0.22352
287;Phase 1;287;9.566656;0.22352
288;Phase 1;288;9.790176;0.22352
289;Phase 1;289;10.013696;-0.134112
290;Phase 1;290;9.879584;-0.312928
291;Phase 1;291;9.566656;-0.268224
292;Phase 1;292;9.298432;-0.22352
293;Phase 1;293;9.074912;0.089408
294;Phase 1;294;9.16432;-0.536448
295;Phase 1;295;8.627872;-0.89408
296;Phase 1;296;7.733792;-0.089408
297;Phase 1;297;7.644384;-0.178816
298;Phase 1;298;7.465568;-1.072896
299;Phase 1;299;6.392672;-1.072896
300;Phase 1;300;5.319776;-0.536448
301;Phase 1;301;4.783328;-0.22352
302;Phase 1;302;4.559808;-0.357632
303;Phase 1;303;4.202176;0.536448
304;Phase 1;304;4.738624;0.983488
305;Phase 1;305;5.722112;0.402336
306;Phase 1;306;6.124448;-0.625856
307;Phase 1;307;5.498592;-0.849376
308;Phase 1;308;4.649216;-0.804672
309;Phase 1;309;3.844544;-1.385824
310;Phase 1;310;2.45872;-1.028192
311;Phase 1;311;1.430528;-0.536448
312;Phase 1;312;0.89408;-0.625856
313;Phase 1;313;0.268224;-0.268224
314;Phase 1;314;0;0
315;Phase 1;315;0;0
316;Phase 1;316;0;0
317;Phase 1;317;0;0
318;Phase 1;318;0;0
319;Phase 1;319;0;0
320;Phase 1;320;0;0
321;Phase 1;321;0;0
322;Phase 1;322;0;1.1176
323;Phase 1;323;1.1176;1.609344
324;Phase 1;324;2.726944;-0.268224
325;Phase 1;325;2.45872;-1.028192
326;Phase 1;326;1.430528;0.178816
327;Phase 1;327;1.609344;1.1176
328;Phase 1;328;2.726944;1.34112
329;Phase 1;329;4.068064;0.312928
330;Phase 1;330;4.380992;-0.536448
331;Phase 1;331;3.844544;-0.804672
332;Phase 1;332;3.039872;-0.402336
333;Phase 1;333;2.637536;-0.134112
334;Phase 1;334;2.503424;0.178816
335;Phase 1;335;2.68224;0.536448
336;Phase 1;336;3.218688;0.536448
337;Phase 1;337;3.755136;0.402336
338;Phase 1;338;4.157472;-0.759968
339;Phase 1;339;3.397504;-0.938784
340;Phase 1;340;2.45872;-1.34112
341;Phase 1;341;1.1176;-1.072896
342;Phase 1;342;0.044704;-0.044704
343;Phase 1;343;0;0
344;Phase 1;344;0;0
345;Phase 1;345;0;0
346;Phase 1;346;0;0
347;Phase 1;347;0;0
348;Phase 1;348;0;0
349;Phase 1;349;0;0
350;Phase 1;350;0;0
351;Phase 1;351;0;0
352;Phase 1;352;0;0
353;Phase 1;353;0;0
354;Phase 1;354;0;0
355;Phase 1;355;0;0
356;Phase 1;356;0;0
357;Phase 1;357;0;0
358;Phase 1;358;0;0
359;Phase 1;359;0;0
360;Phase 1;360;0;0
361;Phase 1;361;0;0
362;Phase 1;362;0;0
363;Phase 1;363;0;0
364;Phase 1;364;0;0
365;Phase 1;365;0;0
366;Phase 1;366;0;0
367;Phase 1;367;0;0
368;Phase 1;368;0;0
369;Phase 1;369;0;0
370;Phase 1;370;0;0
371;Phase 1;371;0;0
372;Phase 1;372;0;0
373;Phase 1;373;0;0
374;Phase 1;374;0;0
375;Phase 1;375;0;0
376;Phase 1;376;0;0
377;Phase 1;377;0;0
378;Phase 1;378;0;0
379;Phase 1;379;0;0
380;Phase 1;380;0;0
381;Phase 1;381;0;0
382;Phase 1;382;0;0
383;Phase 1;383;0;0
384;Phase 1;384;0;0
385;Phase 1;385;0;0
386;Phase 1;386;0;0
387;Phase 1;387;0;0
388;Phase 1;388;0;0
389;Phase 1;389;0;0
390;Phase 1;390;0;0
391;Phase 1;391;0;0
392;Phase 1;392;0;0
393;Phase 1;393;0;0
394;Phase 1;394;0;0.089408
395;Phase 1;395;0.089408;0.625856
396;Phase 1;396;0.715264;0.625856
397;Phase 1;397;1.34112;0
398;Phase 1;398;1.34112;-0.402336
399;Phase 1;399;0.938784;0.089408
400;Phase 1;400;1.028192;1.028192
401;Phase 1;401;2.056384;1.430528
402;Phase 1;402;3.486912;0.938784
403;Phase 1;403;4.425696;0.357632
404;Phase 1;404;4.783328;-0.22352
405;Phase 1;405;4.559808;-0.044704
406;Phase 1;406;4.515104;0.268224
407;Phase 1;407;4.783328;0.089408
408;Phase 1;408;4.872736;0.22352
409;Phase 1;409;5.096256;-0.134112
410;Phase 1;410;4.962144;-0.491744
411;Phase 1;411;4.4704;-0.536448
412;Phase 1;412;3.933952;-0.268224
413;Phase 1;413;3.665728;0.178816
414;Phase 1;414;3.844544;0.715264
415;Phase 1;415;4.559808;0.715264
416;Phase 1;416;5.275072;0.536448
417;Phase 1;417;5.81152;0.134112
418;Phase 1;418;5.945632;-0.22352
419;Phase 1;419;5.722112;-0.491744
420;Phase 1;420;5.230368;0
421;Phase 1;421;5.230368;0.312928
422;Phase 1;422;5.543296;0.581152
423;Phase 1;423;6.124448;0.312928
424;Phase 1;424;6.437376;-0.044704
425;Phase 1;425;6.392672;0.178816
426;Phase 1;426;6.571488;0.178816
427;Phase 1;427;6.750304;0.089408
428;Phase 1;428;6.839712;0.22352
429;Phase 1;429;7.063232;-0.581152
430;Phase 1;430;6.48208;-1.028192
431;Phase 1;431;5.453888;-0.491744
432;Phase 1;432;4.962144;0.402336
433;Phase 1;433;5.36448;0.491744
434;Phase 1;434;5.856224;-0.402336
435;Phase 1;435;5.453888;-1.475232
436;Phase 1;436;3.978656;-0.536448
437;Phase 1;437;3.442208;-0.044704
438;Phase 1;438;3.397504;0.178816
439;Phase 1;439;3.57632;-1.1176
440;Phase 1;440;2.45872;-0.983488
441;Phase 1;441;1.475232;-0.402336
442;Phase 1;442;1.072896;-0.44704
443;Phase 1;443;0.625856;-0.357632
444;Phase 1;444;0.268224;-0.268224
445;Phase 1;445;0;0
446;Phase 1;446;0;0
447;Phase 1;447;0;0
448;Phase 1;448;0;0
449;Phase 1;449;0;0
450;Phase 1;450;0;0
451;Phase 1;451;0;0
452;Phase 1;452;0;0
453;Phase 1;453;0;0
454;Phase 1;454;0;0
455;Phase 1;455;0;0
456;Phase 1;456;0;0
457;Phase 1;457;0;0
458;Phase 1;458;0;0
459;Phase 1;459;0;0
460;Phase 1;460;0;0
461;Phase 1;461;0;0
462;Phase 1;462;0;0
463;Phase 1;463;0;0
464;Phase 1;464;0;0
465;Phase 1;465;0;0
466;Phase 1;466;0;0
467;Phase 1;467;0;0
468;Phase 1;468;0;0
469;Phase 1;469;0;0
470;Phase 1;470;0;0
471;Phase 1;471;0;0
472;Phase 1;472;0;0
473;Phase 1;473;0;0
474;Phase 1;474;0;0
475;Phase 1;475;0;0
476;Phase 1;476;0;0
477;Phase 1;477;0;0
478;Phase 1;478;0;0
479;Phase 1;479;0;0
480;Phase 1;480;0;0
481;Phase 1;481;0;0
482;Phase 1;482;0;0
483;Phase 1;483;0;0
484;Phase 1;484;0;0
485;Phase 1;485;0;0
486;Phase 1;486;0;0
487;Phase 1;487;0;0
488;Phase 1;488;0;0
489;Phase 1;489;0;0
490;Phase 1;490;0;0
491;Phase 1;491;0;0
492;Phase 1;492;0;0
493;Phase 1;493;0;0
494;Phase 1;494;0;0.44704
495;Phase 1;495;0.44704;1.385824
496;Phase 1;496;1.832864;1.475232
497;Phase 1;497;3.308096;1.251712
498;Phase 1;498;4.559808;0.491744
499;Phase 1;499;5.051552;0.22352
500;Phase 1;500;5.275072;0.178816
501;Phase 1;501;5.453888;0.938784
502;Phase 1;502;6.392672;0.759968
503;Phase 1;503;7.15264;0.804672
504;Phase 1;504;7.957312;0.357632
505;Phase 1;505;8.314944;0.44704
506;Phase 1;506;8.761984;0.268224
507;Phase 1;507;9.030208;-0.134112
508;Phase 1;508;8.896096;-0.089408
509;Phase 1;509;8.806688;0.491744
510;Phase 1;510;9.298432;0.089408
511;Phase 1;511;9.38784;-0.983488
512;Phase 1;512;8.404352;-0.536448
513;Phase 1;513;7.867904;-2.056384
514;Phase 1;514;5.81152;-2.45872
515;Phase 1;515;3.3528;-2.056384
516;Phase 1;516;1.296416;-0.938784
517;Phase 1;517;0.357632;-0.357632
518;Phase 1;518;0;0.089408
519;Phase 1;519;0.089408;0.22352
520;Phase 1;520;0.312928;0.312928
521;Phase 1;521;0.625856;0.402336
522;Phase 1;522;1.028192;0.178816
523;Phase 1;523;1.207008;0.134112
524;Phase 1;524;1.34112;-0.134112
525;Phase 1;525;1.207008;-0.67056
526;Phase 1;526;0.536448;-0.491744
527;Phase 1;527;0.044704;0.268224
528;Phase 1;528;0.312928;0.491744
529;Phase 1;529;0.804672;0.581152
530;Phase 1;530;1.385824;0.357632
531;Phase 1;531;1.743456;0.625856
532;Phase 1;532;2.369312;1.1176
533;Phase 1;533;3.486912;0.849376
534;Phase 1;534;4.336288;0.268224
535;Phase 1;535;4.604512;-0.044704
536;Phase 1;536;4.559808;-0.357632
537;Phase 1;537;4.202176;-1.028192
538;Phase 1;538;3.173984;-0.134112
539;Phase 1;539;3.039872;0.938784
540;Phase 1;540;3.978656;0.759968
541;Phase 1;541;4.738624;0.581152
542;Phase 1;542;5.319776;1.609344
543;Phase 1;543;6.92912;1.832864
544;Phase 1;544;8.761984;1.430528
545;Phase 1;545;10.192512;1.028192
546;Phase 1;546;11.220704;0.402336
547;Phase 1;547;11.62304;0.312928
548;Phase 1;548;11.935968;0.268224
549;Phase 1;549;12.204192;0.178816
550;Phase 1;550;12.383008;-0.044704
551;Phase 1;551;12.338304;-0.134112
552;Phase 1;552;12.204192;-0.715264
553;Phase 1;553;11.488928;-1.072896
554;Phase 1;554;10.416032;-1.207008
555;Phase 1;555;9.209024;-1.251712
556;Phase 1;556;7.957312;-1.296416
557;Phase 1;557;6.660896;-1.609344
558;Phase 1;558;5.051552;-1.743456
559;Phase 1;559;3.308096;-1.251712
560;Phase 1;560;2.056384;-1.296416
561;Phase 1;561;0.759968;-0.44704
562;Phase 1;562;0.312928;-0.312928
563;Phase 1;563;0;0
564;Phase 1;564;0;0
565;Phase 1;565;0;0
566;Phase 1;566;0;0
567;Phase 1;567;0;0
568;Phase 1;568;0;0
569;Phase 1;569;0;0
570;Phase 1;570;0;0
571;Phase 1;571;0;0
572;Phase 1;572;0;0
573;Phase 1;573;0;0
574;Phase 1;574;0;0
575;Phase 1;575;0;0
576;Phase 1;576;0;0
577;Phase 1;577;0;0
578;Phase 1;578;0;0
579;Phase 1;579;0;0
580;Phase 1;580;0;0
581;Phase 1;581;0;0
582;Phase 1;582;0;0
583;Phase 1;583;0;0
584;Phase 1;584;0;0
585;Phase 1;585;0;0
586;Phase 1;586;0;0
587;Phase 1;587;0;0
588;Phase 1;588;0;0
589;Phase 1;589;0;0
590;Phase 1;590;0;0
591;Phase 1;591;0;0
592;Phase 1;592;0;0
593;Phase 1;593;0;0
594;Phase 1;594;0;0
595;Phase 1;595;0;0
596;Phase 1;596;0;0
597;Phase 1;597;0;0
598;Phase 1;598;0;0
